%zadanie 4
%7 wynikow

x = [0 1 2 3 4 5 6 ];
y = [-1 0 1 7 11 17 13];
%f'(x) 3 rozne dokladnosci

h = 1;

%Fd2 = 11-7 / 1   = 4
%Fd3 = 11-1 / 2   = 5
%Fd5 =  0 - (8 * 1) + (8 * 11) - 17 / 12  = 63 / 12 = 5.25


Fd2 = (11-7) / 1
Fd3 = (11-1) / 2

Fd5 =  (0 - (8 * 1) + (8 * 11) - 17 )/ 12  

% (17 - (2*11) + 7) / (1*2) = 0.75

%Calka

%Jprostokat = ( -1 + 0 + 1 + 7 + 11 + 17 ) * 1 = 35
%Jtrapeza = ( -(1/2) + 0 + 1 + 7 + 11 + 17 + (13/2) ) * 1 = 42
%Jsimpsona = (1/3)*(-1 + 4 * (0+7+17) + 2 * (1+11) + 13) = 44